spawns: 
  default: 
    world: SkyGrid-world
    x: -0.017175804825378588
    y: 129.0
    z: 0.6022545645160142
    yaw: -265.1747
    pitch: 1.3502456
