world: 9623acfa-5467-4737-9543-a0e248f2643e
world-name: skygrid_overworld_the_end
x: 0.39364572337680087
y: 61.0
z: 0.45654391722233567
yaw: -89.39999389648438
pitch: 12.299833297729492
name: end
lastowner: f0e7f028-4955-4dc8-8e40-d334ef0bd19a
