world: 485b73f1-16de-4fa0-9dd0-a88617f270c8
world-name: skygrid_overworld
x: 120.5
y: 65.0
z: -255.5
yaw: -179.4012908935547
pitch: 9.749996185302734
name: overworld
lastowner: f0e7f028-4955-4dc8-8e40-d334ef0bd19a
