world: 2f0a5045-c75a-4818-a5f3-d45922127fea
world-name: skygrid_world
x: 8.911438255652811
y: 126.0
z: -1.6062037492990136
yaw: -41.591094970703125
pitch: -3.5999982357025146
name: skyverse
lastowner: f0e7f028-4955-4dc8-8e40-d334ef0bd19a
